3.596131973659918213e+00
7.777960551249889498e+00
2.305999897124874298e+00
-9.177735515388718568e-01
1.239224809803602056e+00
4.407106563690359025e+00
2.350377103495240760e+00
6.976854205851898971e-01
-1.141759363957013385e-01
-2.160228666881831572e-01
-9.882583773745619027e-01
4.146262082066205501e+00
-1.091235354541206348e+00
-2.717159551595895728e-01
1.936330951978693093e+00
-3.750346632278001024e-01
2.436799179260717985e-01
1.354315072169505196e-01
3.273237340104830473e+00
7.204478575202959423e-01
3.039462125325125275e+00
5.371856407340770190e+00
-1.080904607422077390e+00
8.644761867732403404e-01
-1.028893641967596473e+00
-5.129969723861815822e-03
-1.260104477154280200e+00
2.822206970407713289e+00
8.297148051793863388e-01
9.027724882235464987e-01
6.169073850313303353e+00
1.309060833379840805e+00
3.092093574865115713e+00
1.056977421395218109e+00
2.559501755071936113e+00
-7.797487862638807776e-01
4.708425969544045131e+00
5.522749466473094060e+00
1.851373338176497629e+00
2.360323826920085466e-02
2.307253352730685325e+00
-5.589599857093059398e-01
-4.498571792076122566e-01
-3.467147257293186069e-01
-2.644110935710021870e+00
1.983776208517366690e+00
1.234770212948750112e+00
1.235344416523619815e+00
-2.659097267215509319e+00
-5.676025356648732867e-01
2.547152434062615711e+00
1.495465935181231387e+00
6.780015487586537049e-01
8.106534508082937407e+00
1.315357850912748816e+00
3.361331576803931576e+00
2.276271447185306496e+00
3.766791591103380021e+00
4.324149006595388478e+00
7.516681796454507403e-01
4.187550270301301225e+00
1.351662006024931140e+00
1.609390808301909725e+00
6.126387793322095598e-01
2.701925492288408392e+00
7.395306984701708330e-01
1.684191635914564777e+00
3.680501790442241017e+00
-9.970173406466935617e-01
1.731746798381875951e+00
3.470264119135353820e+00
1.382144220355415731e+00
-5.614600718207451990e-01
4.424528645500666713e+00
-8.906489464616687002e-01
3.901651863585138713e+00
3.549896229541924075e+00
-2.788153855554446281e+00
3.062463811227452481e+00
5.128573136001452148e+00
3.488126774781698636e+00
2.552534648459542588e+00
-6.245256825824396785e-01
3.389072082314628087e+00
-1.561893927704570917e+00
3.221550367249507385e+00
3.393202675895424569e+00
1.530457181081703588e+00
1.100941659873860168e+00
2.827640115571658175e+00
2.548255839675057643e+00
1.537429737306406086e-01
2.360733021368340179e+00
3.230972443921729997e+00
-4.358430133750779145e-01
-6.457857158643012241e-01
5.044065073218840567e+00
1.869816208261531498e+00
2.793027090039156057e+00
1.323845790564851965e+00
2.825504933948328468e+00
3.491722745475147160e+00
1.520869501783987721e+00
2.993188664493951379e+00
3.258917640949309913e+00
2.802058756201604162e+00
5.431404682656689076e+00
4.702228131224392982e-01
1.829434942065553793e+00
1.802668295428123901e+00
3.403063841338196838e+00
-2.026341448889303010e+00
5.711523183570776929e-01
-9.225420837966975540e-01
5.648622010993175735e+00
3.982763562624663578e+00
7.313341373372148624e-01
1.237146856226517766e+00
3.856708382981630656e-01
-9.884652219149177022e-01
1.660636397175449641e+00
2.079604266605405538e+00
-5.451939129819960428e-01
2.925421276697587558e+00
4.765758931627187778e+00
2.553805591191880442e+00
2.640966412262309326e+00
-7.989555390248592737e-02
2.263926970817979445e+00
4.686975094173786438e+00
5.270440495856806074e+00
-3.635162403797345121e-01
-9.645868081638884206e-01
-2.303858890825341454e+00
1.455128834133941895e+00
1.504917520836174027e+00
1.872114131900732392e+00
-5.918979465022728981e-01
8.130663935824198330e-01
2.982207279968163149e-01
3.976698681615589592e+00
1.903580711321999797e+00
2.841382640650937041e+00
2.235684550968619178e+00
1.920389846609063200e+00
2.562357996823771078e+00
8.768375812036934835e-01
1.322095819564814256e+00
1.174697194811215706e+00
2.603789244542604298e+00
-1.419388022430080110e+00
-1.189543985760177058e+00
1.483476891972597356e+00
1.948338427817337681e-01
3.740064426853911161e+00
-1.656806413682500256e+00
-1.425970327550070138e+00
4.096645267137977164e-01
-2.244593191616011119e+00
6.038620035601340863e-01
3.811690234066624328e+00
2.645491006982752857e+00
1.124704816132962026e+00
1.340159649128675579e+00
-2.458812071708034175e+00
4.091953921763943569e+00
-1.069750119826210710e+00
-1.694481518429099776e+00
2.194146472097385558e+00
7.964958414289211586e-01
4.292673936358930575e+00
6.665991830644837357e+00
2.351761263473537422e+00
4.032046532421096785e+00
9.804901964129680847e-01
2.951938064830789799e+00
2.127395883139794108e+00
2.138300190356322350e+00
-3.137376133324258021e+00
1.348313435262053162e+00
3.182856904443509105e+00
2.243724429610854720e+00
-2.672880961789477539e+00
5.157730677865122182e+00
4.956994282786876482e+00
-3.450257111425375278e+00
7.029772752059837870e+00
1.388200721412733873e+00
7.999917600572834520e-01
8.571096761359195959e-01
1.671713778459425814e+00
2.847138500534879046e+00
4.017896656581356751e-01
-6.184051960825298622e-02
2.921540868322476392e+00
2.064640643472749559e+00
3.705427297220926786e+00
-2.541024353348481313e+00
-7.016483394801520390e-01
-9.344798251793813293e-01
